{
 "cells": [
  {
   "source": [
    "# Pymaceuticals Inc.\n",
    "---\n",
    "\n",
    "### Analysis\n",
    "* Overall, it is clear that Capomulin is a viable drug regimen to reduce tumor growth.\n",
    "* Capomulin had the most number of mice complete the study, with the exception of Remicane, all other regimens observed a number of mice deaths across the duration of the study. \n",
    "* There is a strong correlation between mouse weight and tumor volume, indicating that mouse weight may be contributing to the effectiveness of any drug regimen.\n",
    "* There was one potential outlier within the Infubinol regimen. While most mice showed tumor volume increase, there was one mouse that had a reduction in tumor growth in the study."
   ],
   "cell_type": "markdown",
   "metadata": {}
  },
  {
   "cell_type": "code",
   "execution_count": 1,
   "metadata": {},
   "outputs": [],
   "source": [
    "# import dependancies\n",
    "import pandas as pd\n",
    "import numpy as np\n",
    "import matplotlib.pyplot as plt\n",
    "import scipy.stats as st\n",
    "from scipy.stats import linregress"
   ]
  },
  {
   "cell_type": "code",
   "execution_count": 2,
   "metadata": {},
   "outputs": [
    {
     "output_type": "execute_result",
     "data": {
      "text/plain": [
       "  Mouse ID Drug Regimen   Sex  Age_months  Weight (g)  Timepoint  \\\n",
       "0     k403     Ramicane  Male          21          16          0   \n",
       "1     k403     Ramicane  Male          21          16          5   \n",
       "2     k403     Ramicane  Male          21          16         10   \n",
       "3     k403     Ramicane  Male          21          16         15   \n",
       "4     k403     Ramicane  Male          21          16         20   \n",
       "\n",
       "   Tumor Volume (mm3)  Metastatic Sites  \n",
       "0           45.000000                 0  \n",
       "1           38.825898                 0  \n",
       "2           35.014271                 1  \n",
       "3           34.223992                 1  \n",
       "4           32.997729                 1  "
      ],
      "text/html": "<div>\n<style scoped>\n    .dataframe tbody tr th:only-of-type {\n        vertical-align: middle;\n    }\n\n    .dataframe tbody tr th {\n        vertical-align: top;\n    }\n\n    .dataframe thead th {\n        text-align: right;\n    }\n</style>\n<table border=\"1\" class=\"dataframe\">\n  <thead>\n    <tr style=\"text-align: right;\">\n      <th></th>\n      <th>Mouse ID</th>\n      <th>Drug Regimen</th>\n      <th>Sex</th>\n      <th>Age_months</th>\n      <th>Weight (g)</th>\n      <th>Timepoint</th>\n      <th>Tumor Volume (mm3)</th>\n      <th>Metastatic Sites</th>\n    </tr>\n  </thead>\n  <tbody>\n    <tr>\n      <th>0</th>\n      <td>k403</td>\n      <td>Ramicane</td>\n      <td>Male</td>\n      <td>21</td>\n      <td>16</td>\n      <td>0</td>\n      <td>45.000000</td>\n      <td>0</td>\n    </tr>\n    <tr>\n      <th>1</th>\n      <td>k403</td>\n      <td>Ramicane</td>\n      <td>Male</td>\n      <td>21</td>\n      <td>16</td>\n      <td>5</td>\n      <td>38.825898</td>\n      <td>0</td>\n    </tr>\n    <tr>\n      <th>2</th>\n      <td>k403</td>\n      <td>Ramicane</td>\n      <td>Male</td>\n      <td>21</td>\n      <td>16</td>\n      <td>10</td>\n      <td>35.014271</td>\n      <td>1</td>\n    </tr>\n    <tr>\n      <th>3</th>\n      <td>k403</td>\n      <td>Ramicane</td>\n      <td>Male</td>\n      <td>21</td>\n      <td>16</td>\n      <td>15</td>\n      <td>34.223992</td>\n      <td>1</td>\n    </tr>\n    <tr>\n      <th>4</th>\n      <td>k403</td>\n      <td>Ramicane</td>\n      <td>Male</td>\n      <td>21</td>\n      <td>16</td>\n      <td>20</td>\n      <td>32.997729</td>\n      <td>1</td>\n    </tr>\n  </tbody>\n</table>\n</div>"
     },
     "metadata": {},
     "execution_count": 2
    }
   ],
   "source": [
    "# load cvs files\n",
    "mouse_metadata_filepath = \"data/Mouse_metadata.csv\"\n",
    "study_results_filepath = \"data/Study_results.csv\"\n",
    "\n",
    "# read cvs files\n",
    "mouse_metadata = pd.read_csv(mouse_metadata_filepath)\n",
    "study_results = pd.read_csv(study_results_filepath)\n",
    "\n",
    "# combine the data into one data frame using a left join merger\n",
    "combined_study_data = pd.merge(mouse_metadata, study_results, how=\"left\", on=[\"Mouse ID\", \"Mouse ID\"])\n",
    "combined_study_data.head()"
   ]
  },
  {
   "cell_type": "code",
   "execution_count": 5,
   "metadata": {},
   "outputs": [
    {
     "output_type": "execute_result",
     "data": {
      "text/plain": [
       "(1893, 4)"
      ]
     },
     "metadata": {},
     "execution_count": 5
    }
   ],
   "source": [
    "# mouse_metadata.shape\n",
    "study_results.shape"
   ]
  },
  {
   "cell_type": "code",
   "execution_count": 6,
   "metadata": {},
   "outputs": [
    {
     "output_type": "execute_result",
     "data": {
      "text/plain": [
       "249"
      ]
     },
     "metadata": {},
     "execution_count": 6
    }
   ],
   "source": [
    "# check number of mice\n",
    "number_of_mice = len(combined_study_data[\"Mouse ID\"].value_counts())\n",
    "number_of_mice\n"
   ]
  },
  {
   "cell_type": "code",
   "execution_count": 7,
   "metadata": {},
   "outputs": [
    {
     "output_type": "execute_result",
     "data": {
      "text/plain": [
       "array(['g989'], dtype=object)"
      ]
     },
     "metadata": {},
     "execution_count": 7
    }
   ],
   "source": [
    "# Getting the duplicate mice by ID number that shows up for Mouse ID and Timepoint.\n",
    "duplicated_mice_id = combined_study_data[combined_study_data.duplicated(['Mouse ID', 'Timepoint'])]['Mouse ID'].unique()\n",
    "duplicated_mice_id"
   ]
  },
  {
   "cell_type": "code",
   "execution_count": 8,
   "metadata": {},
   "outputs": [
    {
     "output_type": "execute_result",
     "data": {
      "text/plain": [
       "     Mouse ID Drug Regimen   Sex  Age_months  Weight (g)  Timepoint  \\\n",
       "0        k403     Ramicane  Male          21          16          0   \n",
       "1        k403     Ramicane  Male          21          16          5   \n",
       "2        k403     Ramicane  Male          21          16         10   \n",
       "3        k403     Ramicane  Male          21          16         15   \n",
       "4        k403     Ramicane  Male          21          16         20   \n",
       "...       ...          ...   ...         ...         ...        ...   \n",
       "1888     z969     Naftisol  Male           9          30         25   \n",
       "1889     z969     Naftisol  Male           9          30         30   \n",
       "1890     z969     Naftisol  Male           9          30         35   \n",
       "1891     z969     Naftisol  Male           9          30         40   \n",
       "1892     z969     Naftisol  Male           9          30         45   \n",
       "\n",
       "      Tumor Volume (mm3)  Metastatic Sites  \n",
       "0              45.000000                 0  \n",
       "1              38.825898                 0  \n",
       "2              35.014271                 1  \n",
       "3              34.223992                 1  \n",
       "4              32.997729                 1  \n",
       "...                  ...               ...  \n",
       "1888           63.145652                 2  \n",
       "1889           65.841013                 3  \n",
       "1890           69.176246                 4  \n",
       "1891           70.314904                 4  \n",
       "1892           73.867845                 4  \n",
       "\n",
       "[1880 rows x 8 columns]"
      ],
      "text/html": "<div>\n<style scoped>\n    .dataframe tbody tr th:only-of-type {\n        vertical-align: middle;\n    }\n\n    .dataframe tbody tr th {\n        vertical-align: top;\n    }\n\n    .dataframe thead th {\n        text-align: right;\n    }\n</style>\n<table border=\"1\" class=\"dataframe\">\n  <thead>\n    <tr style=\"text-align: right;\">\n      <th></th>\n      <th>Mouse ID</th>\n      <th>Drug Regimen</th>\n      <th>Sex</th>\n      <th>Age_months</th>\n      <th>Weight (g)</th>\n      <th>Timepoint</th>\n      <th>Tumor Volume (mm3)</th>\n      <th>Metastatic Sites</th>\n    </tr>\n  </thead>\n  <tbody>\n    <tr>\n      <th>0</th>\n      <td>k403</td>\n      <td>Ramicane</td>\n      <td>Male</td>\n      <td>21</td>\n      <td>16</td>\n      <td>0</td>\n      <td>45.000000</td>\n      <td>0</td>\n    </tr>\n    <tr>\n      <th>1</th>\n      <td>k403</td>\n      <td>Ramicane</td>\n      <td>Male</td>\n      <td>21</td>\n      <td>16</td>\n      <td>5</td>\n      <td>38.825898</td>\n      <td>0</td>\n    </tr>\n    <tr>\n      <th>2</th>\n      <td>k403</td>\n      <td>Ramicane</td>\n      <td>Male</td>\n      <td>21</td>\n      <td>16</td>\n      <td>10</td>\n      <td>35.014271</td>\n      <td>1</td>\n    </tr>\n    <tr>\n      <th>3</th>\n      <td>k403</td>\n      <td>Ramicane</td>\n      <td>Male</td>\n      <td>21</td>\n      <td>16</td>\n      <td>15</td>\n      <td>34.223992</td>\n      <td>1</td>\n    </tr>\n    <tr>\n      <th>4</th>\n      <td>k403</td>\n      <td>Ramicane</td>\n      <td>Male</td>\n      <td>21</td>\n      <td>16</td>\n      <td>20</td>\n      <td>32.997729</td>\n      <td>1</td>\n    </tr>\n    <tr>\n      <th>...</th>\n      <td>...</td>\n      <td>...</td>\n      <td>...</td>\n      <td>...</td>\n      <td>...</td>\n      <td>...</td>\n      <td>...</td>\n      <td>...</td>\n    </tr>\n    <tr>\n      <th>1888</th>\n      <td>z969</td>\n      <td>Naftisol</td>\n      <td>Male</td>\n      <td>9</td>\n      <td>30</td>\n      <td>25</td>\n      <td>63.145652</td>\n      <td>2</td>\n    </tr>\n    <tr>\n      <th>1889</th>\n      <td>z969</td>\n      <td>Naftisol</td>\n      <td>Male</td>\n      <td>9</td>\n      <td>30</td>\n      <td>30</td>\n      <td>65.841013</td>\n      <td>3</td>\n    </tr>\n    <tr>\n      <th>1890</th>\n      <td>z969</td>\n      <td>Naftisol</td>\n      <td>Male</td>\n      <td>9</td>\n      <td>30</td>\n      <td>35</td>\n      <td>69.176246</td>\n      <td>4</td>\n    </tr>\n    <tr>\n      <th>1891</th>\n      <td>z969</td>\n      <td>Naftisol</td>\n      <td>Male</td>\n      <td>9</td>\n      <td>30</td>\n      <td>40</td>\n      <td>70.314904</td>\n      <td>4</td>\n    </tr>\n    <tr>\n      <th>1892</th>\n      <td>z969</td>\n      <td>Naftisol</td>\n      <td>Male</td>\n      <td>9</td>\n      <td>30</td>\n      <td>45</td>\n      <td>73.867845</td>\n      <td>4</td>\n    </tr>\n  </tbody>\n</table>\n<p>1880 rows × 8 columns</p>\n</div>"
     },
     "metadata": {},
     "execution_count": 8
    }
   ],
   "source": [
    "# create a clean data frame by droping the duplicate mouse (g989) by  its id\n",
    "clean_combined_data = combined_study_data[combined_study_data['Mouse ID'].isin(duplicated_mice_id) == False]\n",
    "clean_combined_data"
   ]
  },
  {
   "cell_type": "code",
   "execution_count": 9,
   "metadata": {},
   "outputs": [
    {
     "output_type": "execute_result",
     "data": {
      "text/plain": [
       "248"
      ]
     },
     "metadata": {},
     "execution_count": 9
    }
   ],
   "source": [
    "# Checking the number of mice in the clean DataFrame.\n",
    "number_of_mice = len(clean_combined_data[\"Mouse ID\"].value_counts())\n",
    "number_of_mice"
   ]
  },
  {
   "source": [
    "## Summary Statistics"
   ],
   "cell_type": "markdown",
   "metadata": {}
  },
  {
   "source": [
    "Same code for next three cells, just using different methods to calculate summary statistics."
   ],
   "cell_type": "markdown",
   "metadata": {}
  },
  {
   "cell_type": "code",
   "execution_count": 12,
   "metadata": {
    "tags": []
   },
   "outputs": [
    {
     "output_type": "stream",
     "name": "stdout",
     "text": [
      "                mean     median        var       std       sem\nRamicane   40.216745  40.673236  23.486704  4.846308  0.320955\nCapomulin  40.675741  41.557809  24.947764  4.994774  0.329346\nInfubinol  52.884795  51.820584  43.128684  6.567243  0.492236\nPlacebo    54.033581  52.288934  61.168083  7.821003  0.581331\nCeftamin   52.591172  51.776157  39.290177  6.268188  0.469821\nStelasyn   54.233149  52.431737  59.450562  7.710419  0.573111\nZoniferol  53.236507  51.818479  48.533355  6.966589  0.516398\nKetapril   55.235638  53.698743  68.553577  8.279709  0.603860\nPropriva   52.320930  50.446266  43.852013  6.622085  0.544332\nNaftisol   54.331565  52.509285  66.173479  8.134708  0.596466\n"
     ]
    }
   ],
   "source": [
    "# Generate a summary statistics table of mean, median, variance, standard deviation, and SEM of the tumor volume for each regimen\n",
    "\n",
    "# method 1:\n",
    "\n",
    "# create a list of all druge and iterate over it\n",
    "drug_list = clean_combined_data['Drug Regimen'].unique()\n",
    "regimen_series = []\n",
    "for drug in drug_list:\n",
    "    tumor_volume = clean_combined_data.loc[clean_combined_data['Drug Regimen'] == drug, 'Tumor Volume (mm3)'].agg(['mean', 'median', 'var', 'std', 'sem'])\n",
    "    regimen_series.append(tumor_volume)\n",
    "\n",
    "# concatenate all series and transpose\n",
    "summary_vol = pd.concat(regimen_series, keys=drug_list, axis=1).T\n",
    "print(summary_vol)"
   ]
  },
  {
   "cell_type": "code",
   "execution_count": 10,
   "metadata": {
    "tags": []
   },
   "outputs": [
    {
     "output_type": "execute_result",
     "data": {
      "text/plain": [
       "                   Mean     Median        Var       Std       Sem\n",
       "Drug Regimen                                                     \n",
       "Capomulin     40.675741  41.557809  24.947764  4.994774  0.329346\n",
       "Ceftamin      52.591172  51.776157  39.290177  6.268188  0.469821\n",
       "Infubinol     52.884795  51.820584  43.128684  6.567243  0.492236\n",
       "Ketapril      55.235638  53.698743  68.553577  8.279709  0.603860\n",
       "Naftisol      54.331565  52.509285  66.173479  8.134708  0.596466\n",
       "Placebo       54.033581  52.288934  61.168083  7.821003  0.581331\n",
       "Propriva      52.320930  50.446266  43.852013  6.622085  0.544332\n",
       "Ramicane      40.216745  40.673236  23.486704  4.846308  0.320955\n",
       "Stelasyn      54.233149  52.431737  59.450562  7.710419  0.573111\n",
       "Zoniferol     53.236507  51.818479  48.533355  6.966589  0.516398"
      ],
      "text/html": "<div>\n<style scoped>\n    .dataframe tbody tr th:only-of-type {\n        vertical-align: middle;\n    }\n\n    .dataframe tbody tr th {\n        vertical-align: top;\n    }\n\n    .dataframe thead th {\n        text-align: right;\n    }\n</style>\n<table border=\"1\" class=\"dataframe\">\n  <thead>\n    <tr style=\"text-align: right;\">\n      <th></th>\n      <th>Mean</th>\n      <th>Median</th>\n      <th>Var</th>\n      <th>Std</th>\n      <th>Sem</th>\n    </tr>\n    <tr>\n      <th>Drug Regimen</th>\n      <th></th>\n      <th></th>\n      <th></th>\n      <th></th>\n      <th></th>\n    </tr>\n  </thead>\n  <tbody>\n    <tr>\n      <th>Capomulin</th>\n      <td>40.675741</td>\n      <td>41.557809</td>\n      <td>24.947764</td>\n      <td>4.994774</td>\n      <td>0.329346</td>\n    </tr>\n    <tr>\n      <th>Ceftamin</th>\n      <td>52.591172</td>\n      <td>51.776157</td>\n      <td>39.290177</td>\n      <td>6.268188</td>\n      <td>0.469821</td>\n    </tr>\n    <tr>\n      <th>Infubinol</th>\n      <td>52.884795</td>\n      <td>51.820584</td>\n      <td>43.128684</td>\n      <td>6.567243</td>\n      <td>0.492236</td>\n    </tr>\n    <tr>\n      <th>Ketapril</th>\n      <td>55.235638</td>\n      <td>53.698743</td>\n      <td>68.553577</td>\n      <td>8.279709</td>\n      <td>0.603860</td>\n    </tr>\n    <tr>\n      <th>Naftisol</th>\n      <td>54.331565</td>\n      <td>52.509285</td>\n      <td>66.173479</td>\n      <td>8.134708</td>\n      <td>0.596466</td>\n    </tr>\n    <tr>\n      <th>Placebo</th>\n      <td>54.033581</td>\n      <td>52.288934</td>\n      <td>61.168083</td>\n      <td>7.821003</td>\n      <td>0.581331</td>\n    </tr>\n    <tr>\n      <th>Propriva</th>\n      <td>52.320930</td>\n      <td>50.446266</td>\n      <td>43.852013</td>\n      <td>6.622085</td>\n      <td>0.544332</td>\n    </tr>\n    <tr>\n      <th>Ramicane</th>\n      <td>40.216745</td>\n      <td>40.673236</td>\n      <td>23.486704</td>\n      <td>4.846308</td>\n      <td>0.320955</td>\n    </tr>\n    <tr>\n      <th>Stelasyn</th>\n      <td>54.233149</td>\n      <td>52.431737</td>\n      <td>59.450562</td>\n      <td>7.710419</td>\n      <td>0.573111</td>\n    </tr>\n    <tr>\n      <th>Zoniferol</th>\n      <td>53.236507</td>\n      <td>51.818479</td>\n      <td>48.533355</td>\n      <td>6.966589</td>\n      <td>0.516398</td>\n    </tr>\n  </tbody>\n</table>\n</div>"
     },
     "metadata": {},
     "execution_count": 10
    }
   ],
   "source": [
    "# method 2:\n",
    "\n",
    "# This method is the most straighforward, creating multiple series and putting them all together at the end.\n",
    "means = clean_combined_data.groupby('Drug Regimen').mean()['Tumor Volume (mm3)']\n",
    "medians = clean_combined_data.groupby('Drug Regimen').median()['Tumor Volume (mm3)']\n",
    "variances = clean_combined_data.groupby('Drug Regimen').var()['Tumor Volume (mm3)']\n",
    "stds = clean_combined_data.groupby('Drug Regimen').std()['Tumor Volume (mm3)']\n",
    "sems = clean_combined_data.groupby('Drug Regimen').sem()['Tumor Volume (mm3)']\n",
    "\n",
    "summary_table = pd.DataFrame({\"Mean\":means,\n",
    "                              \"Median\":medians,\n",
    "                              \"Var\":variances,\n",
    "                              \"Std\":stds,\n",
    "                              \"Sem\":sems\n",
    "})\n",
    "\n",
    "summary_table"
   ]
  },
  {
   "cell_type": "code",
   "execution_count": 13,
   "metadata": {
    "tags": []
   },
   "outputs": [
    {
     "output_type": "execute_result",
     "data": {
      "text/plain": [
       "             Tumor Volume (mm3)                                          \n",
       "                           mean     median        var       std       sem\n",
       "Drug Regimen                                                             \n",
       "Capomulin             40.675741  41.557809  24.947764  4.994774  0.329346\n",
       "Ceftamin              52.591172  51.776157  39.290177  6.268188  0.469821\n",
       "Infubinol             52.884795  51.820584  43.128684  6.567243  0.492236\n",
       "Ketapril              55.235638  53.698743  68.553577  8.279709  0.603860\n",
       "Naftisol              54.331565  52.509285  66.173479  8.134708  0.596466\n",
       "Placebo               54.033581  52.288934  61.168083  7.821003  0.581331\n",
       "Propriva              52.320930  50.446266  43.852013  6.622085  0.544332\n",
       "Ramicane              40.216745  40.673236  23.486704  4.846308  0.320955\n",
       "Stelasyn              54.233149  52.431737  59.450562  7.710419  0.573111\n",
       "Zoniferol             53.236507  51.818479  48.533355  6.966589  0.516398"
      ],
      "text/html": "<div>\n<style scoped>\n    .dataframe tbody tr th:only-of-type {\n        vertical-align: middle;\n    }\n\n    .dataframe tbody tr th {\n        vertical-align: top;\n    }\n\n    .dataframe thead tr th {\n        text-align: left;\n    }\n\n    .dataframe thead tr:last-of-type th {\n        text-align: right;\n    }\n</style>\n<table border=\"1\" class=\"dataframe\">\n  <thead>\n    <tr>\n      <th></th>\n      <th colspan=\"5\" halign=\"left\">Tumor Volume (mm3)</th>\n    </tr>\n    <tr>\n      <th></th>\n      <th>mean</th>\n      <th>median</th>\n      <th>var</th>\n      <th>std</th>\n      <th>sem</th>\n    </tr>\n    <tr>\n      <th>Drug Regimen</th>\n      <th></th>\n      <th></th>\n      <th></th>\n      <th></th>\n      <th></th>\n    </tr>\n  </thead>\n  <tbody>\n    <tr>\n      <th>Capomulin</th>\n      <td>40.675741</td>\n      <td>41.557809</td>\n      <td>24.947764</td>\n      <td>4.994774</td>\n      <td>0.329346</td>\n    </tr>\n    <tr>\n      <th>Ceftamin</th>\n      <td>52.591172</td>\n      <td>51.776157</td>\n      <td>39.290177</td>\n      <td>6.268188</td>\n      <td>0.469821</td>\n    </tr>\n    <tr>\n      <th>Infubinol</th>\n      <td>52.884795</td>\n      <td>51.820584</td>\n      <td>43.128684</td>\n      <td>6.567243</td>\n      <td>0.492236</td>\n    </tr>\n    <tr>\n      <th>Ketapril</th>\n      <td>55.235638</td>\n      <td>53.698743</td>\n      <td>68.553577</td>\n      <td>8.279709</td>\n      <td>0.603860</td>\n    </tr>\n    <tr>\n      <th>Naftisol</th>\n      <td>54.331565</td>\n      <td>52.509285</td>\n      <td>66.173479</td>\n      <td>8.134708</td>\n      <td>0.596466</td>\n    </tr>\n    <tr>\n      <th>Placebo</th>\n      <td>54.033581</td>\n      <td>52.288934</td>\n      <td>61.168083</td>\n      <td>7.821003</td>\n      <td>0.581331</td>\n    </tr>\n    <tr>\n      <th>Propriva</th>\n      <td>52.320930</td>\n      <td>50.446266</td>\n      <td>43.852013</td>\n      <td>6.622085</td>\n      <td>0.544332</td>\n    </tr>\n    <tr>\n      <th>Ramicane</th>\n      <td>40.216745</td>\n      <td>40.673236</td>\n      <td>23.486704</td>\n      <td>4.846308</td>\n      <td>0.320955</td>\n    </tr>\n    <tr>\n      <th>Stelasyn</th>\n      <td>54.233149</td>\n      <td>52.431737</td>\n      <td>59.450562</td>\n      <td>7.710419</td>\n      <td>0.573111</td>\n    </tr>\n    <tr>\n      <th>Zoniferol</th>\n      <td>53.236507</td>\n      <td>51.818479</td>\n      <td>48.533355</td>\n      <td>6.966589</td>\n      <td>0.516398</td>\n    </tr>\n  </tbody>\n</table>\n</div>"
     },
     "metadata": {},
     "execution_count": 13
    }
   ],
   "source": [
    "# method 3:\n",
    "\n",
    "# This method produces everything in a single groupby function\n",
    "summary_stat = clean_combined_data.groupby([\"Drug Regimen\"])[[\"Tumor Volume (mm3)\"]].agg(['mean', 'median', 'var', 'std', 'sem'])\n",
    "summary_stat"
   ]
  },
  {
   "source": [
    "## Bar and Pie Charts"
   ],
   "cell_type": "markdown",
   "metadata": {}
  },
  {
   "cell_type": "code",
   "execution_count": 14,
   "metadata": {},
   "outputs": [
    {
     "output_type": "execute_result",
     "data": {
      "text/plain": [
       "Text(0.5, 1.0, 'Drug Regimen vs Number of Mice')"
      ]
     },
     "metadata": {},
     "execution_count": 14
    },
    {
     "output_type": "display_data",
     "data": {
      "text/plain": "<Figure size 432x288 with 1 Axes>",
